2.7973178467233604 2.8806521369668614 
2.8354731401787023 2.80805702103701 
2.8777832973128943 2.7388167680562114 
2.924099603673978 2.6729071740435457 
2.9742733448099985 2.610304035018095 
3.028155806268999 2.5509831469989392 
3.085598273599022 2.494920306005159 
3.146452032348115 2.442091308055838 
3.2105683680643184 2.3924719491700563 
3.277798566295677 2.346038025366895 
3.3479939125902343 2.3027653326654347 
3.4210056924960335 2.2626296670847568 
3.4966851915611197 2.2256068246439424 
3.5748836953335346 2.191672601362073 
3.6554524893613243 2.16080279325823 
3.738242859192532 2.132973196351495 
3.823106090375199 2.108159606660947 
3.9098934684573727 2.0863378202056686 
3.9984562789870943 2.067483633004742 
4.0886458075124095 2.0515728410772467 
4.1803133395813585 2.0385812404422645 
4.273310160741991 2.0284846271188766 
4.367487556542343 2.0212587971261637 
4.462696812530465 2.0168795464832074 
4.558789214254396 2.015322671209089 
4.655616047262184 2.016563967322889 
4.75302859710187 2.020579230843689 
4.850878149321497 2.0273442577905705 
4.94901598946911 2.0368348441826143 
5.047293403092754 2.049026786038901 
5.145561675740471 2.063895879378513 
5.2436720929603045 2.081417920220531 
5.3414759403003 2.1015687045840354 
5.438824503308498 2.124324028488108 
5.535569067532947 2.14965968795183 
5.631560918521688 2.177551478994283 
5.726651341822765 2.2079751976345476 
5.820691622984221 2.240906639891705 
5.913533047554099 2.2763216017848356 
6.005026901080448 2.314195879333022 
6.095024469111302 2.3545052685553443 
6.183377037194714 2.397225565470884 
6.269935890878725 2.4423325660987225 
6.354552315711376 2.489802066457941 
6.437077597240714 2.53960986256762 
6.5173630210147815 2.5917317504468413 
6.595259872581622 2.6461435261146855 
6.670619437489278 2.7028209855902343 
6.743293001285797 2.761739924892569 
6.813131849519219 2.82287614004077 
6.879987267737588 2.886205427053919 
6.943710541488952 2.951703581951098 
7.0041529563213505 3.0193464007513864 
7.061165797782826 3.089109679473866 
7.114600351421426 3.1609692141376184 
7.164307902785195 3.234900800761725 
7.210139737422171 3.310880235365265 
7.251947140880404 3.3888833139673222 
7.289581398707934 3.468885832586977 
7.3228937964528065 3.5508635872433096 
7.351735619663063 3.6347923739554013 
7.375958153886751 3.7206479887423347 
7.39541268467191 3.8084062276231894 
7.4099504975665855 3.898042886617047 
7.419422878118823 3.989533761742989 
7.423681111876663 4.082854649020096 
7.422576484388152 4.177981344467449 
7.4159602812013325 4.274889644104132 
7.403683787864248 4.373555343949221 
7.385598289924943 4.4739542400218015 
7.361555072931461 4.576062128340953 
7.331405422431844 4.679854804925757 
7.29500062397414 4.785308065795294 
7.252191963106387 4.892397706968645 
7.202830725376635 5.001099524464894 
7.146768196332922 5.111389314303119 
7.083855661523295 5.2232428725024 
7.013944406495797 5.3366359950818225 
6.936885716798471 5.451544478060466 
6.852530877979363 5.567944117457408 
