0.9509880226546654 1.5468567069018997 
1.017303958839735 1.5450695531706402 
1.0853930021649292 1.5436579271119293 
1.155204644315589 1.5426351649501266 
1.2266883769770565 1.5420146029095942 
1.2997936918346724 1.5418095772146914 
1.374470080573779 1.5420334240897788 
1.4506670348797168 1.5426994797592168 
1.5283340464378272 1.5438210804473653 
1.6074206069334522 1.5454115623785858 
1.6878762080519325 1.5474842617772382 
1.7696503414786104 1.5500525148676831 
1.8526924988988265 1.5531296578742806 
1.936952171997922 1.5567290270213903 
2.022378852461239 1.5608639585333748 
2.108922031974119 1.5655477886345928 
2.1965312022219026 1.5707938535494055 
2.2851558548899313 1.5766154895021725 
2.374745481663547 1.5830260327172552 
2.465249574228091 1.590038819419013 
2.5566176242689047 1.5976671858318077 
2.648799123471329 1.6059244681799982 
2.7417435635207057 1.6148240026879466 
2.835400436102376 1.624379125580011 
2.929719232901682 1.634603173080554 
3.0246494456039636 1.645509481413935 
3.120140565894564 1.6571113868045146 
3.2161420854588223 1.6694222254766526 
3.3126034959820823 1.6824553336547112 
3.4094742891496845 1.6962240475630495 
3.506703956646969 1.7107417034260273 
3.6042419901592795 1.7260216374680066 
3.7020378813719557 1.7420771859133464 
3.8000411219703385 1.758921684986408 
3.898201203639771 1.776568470911551 
3.9964676180655934 1.7950308799131367 
4.094789856933149 1.8143222482155257 
4.193117411927776 1.8344559120430775 
4.291399774734818 1.8554452076201529 
4.389586437039617 1.8773034711711127 
4.487626890527514 1.9000440389203168 
4.585470626883848 1.923680247092126 
4.683067137793961 1.9482254319109003 
4.7803659149431965 1.973692929601 
4.877316450016896 2.000096076386786 
4.973868234700398 2.0274482084926184 
5.0699707606790465 2.0557626621428584 
5.165573519638182 2.0850527735618654 
5.260626003263146 2.1153318789740005 
5.355077703239279 2.146613314603624 
5.448878111251923 2.1789104166750954 
5.5419767189864215 2.212236521412777 
5.6343230181281125 2.246604965041027 
5.725866500362338 2.282029083784207 
5.816556657374442 2.318522213866678 
5.906342980849763 2.3560976915127996 
5.9951749624736435 2.394768852946932 
6.083002093931425 2.434549034393436 
6.169773866908449 2.475451572076673 
6.255439773090056 2.5174898022210015 
6.339949304161589 2.560677061050783 
6.423251951808387 2.605026684790378 
6.5052972077157944 2.650552009664147 
6.58603456356915 2.6972663718964496 
6.665413511053798 2.7451831077116466 
6.743383541855075 2.7943155533340986 
6.819894147658328 2.844677044988166 
6.894894820148894 2.89628091889821 
6.968335051012117 2.94914051128859 
7.040164331933338 3.0032691583836657 
7.110332154597896 3.058680196407799 
7.178788010691135 3.1153869615853496 
7.245481391898397 3.173402790140679 
7.310361789905021 3.2327410182981455 
7.37337869639635 3.2934149822821115 
7.434481603057724 3.355438018316936 
7.493620001574485 3.4188234626269804 
7.550743383631977 3.4835846514366056 
7.605801240915536 3.5497349209701703 
7.658743065110508 3.6172876074520364 
7.709518347902233 3.6862560471065633 
7.758076580976051 3.756653576158111 
7.804367256017306 3.8284935308310426 
7.848339864711336 3.9017892473497158 
7.889943898743485 3.976554061938491 
7.9291288497990955 4.052801310821732 
7.965844209563505 4.130544330223794 
8.000039469722058 4.209796456369043 
8.031664121960096 4.290571025481834 
8.060667657962957 4.372881373786532 
8.086999569415985 4.456740837507494 
8.110609348004523 4.542162752869082 
8.131446485413909 4.629160456095658 
8.149460473329485 4.71774728341158 
8.164600803436594 4.807936571041207 
8.176816967420578 4.899741655208904 
8.186058456966775 4.9931758721390285 
8.192274763760528 5.08825255805594 
8.19541537948718 5.184985049184001 
8.195429795832071 5.283386681747571 
8.192267504480542 5.383470791971012 
8.185877997117935 5.485250716078683 
8.176210765429593 5.588739790294944 
8.163215301100855 5.693951350844155 
8.146841095817061 5.800898733950677 
8.127037641263556 5.909595275838871 
8.10375442912568 6.0200543127331 
8.076940951088773 6.13228918085772 
8.04654669883818 6.24631321643709 
8.012521164059239 6.362139755695576 
7.974813838437291 6.479782134857537 
7.933374213657679 6.599253690147332 
7.888151781405746 6.72056775778932 
7.839096033366831 6.843737674007863 
7.786156461226274 6.968776775027322 
7.72928255666942 7.095698397072057 
7.668423811381608 7.2245158763664294 
7.603529717048181 7.355242549134797 
7.5345497653544795 7.487891751601523 
7.461433447985845 7.622476819990966 
