1.9980324409258146 1.9845283482389018 
2.079494359679014 2.0573050112299383 
2.1624385895994713 2.1249082865087274 
2.246804143688788 2.187525085463912 
2.332530034948567 2.2453423194841413 
2.4195552763804096 2.298546899958059 
2.507818880985916 2.347325738274309 
2.5972598617666898 2.3918657458215375 
2.6878172317243316 2.4323538339883903 
2.7794300038604436 2.468976914163512 
2.8720371911766263 2.501921897735549 
2.965577806674483 2.5313756960931446 
3.059990863355613 2.557525220624945 
3.155215374221621 2.5805573827195962 
3.251190352274106 2.600659093765742 
3.3478548105146713 2.6180172651520293 
3.445147761944918 2.6328188082671025 
3.5430082195664467 2.6452506344996065 
3.641375196380862 2.655499655238188 
3.740187705389762 2.66375278187149 
3.83938475959475 2.67019692578816 
3.9389053719974276 2.6750189983768413 
4.038688555599396 2.678405911026181 
4.1386733234022595 2.6805445751248236 
4.238798688407616 2.681621902061414 
4.339003663617068 2.6818248032245973 
4.43922726203222 2.68134019000302 
4.539408496654669 2.680354973785326 
4.639486380486019 2.679056065960161 
4.739399926527873 2.677630377916171 
4.839088147781831 2.676264821042 
4.938490057249496 2.675146306726295 
5.037544667932468 2.6744617463576996 
5.136190992832349 2.6743980513248595 
5.23436804495074 2.6751421330164202 
5.332014837289245 2.676880902821027 
5.429070382849464 2.6798012721273254 
5.525473694632998 2.6840901523239595 
5.621163785641452 2.6899344547995763 
5.716079668876423 2.6975210909428196 
5.810160357339516 2.707036972142335 
5.903344864032331 2.7186690097867685 
5.995572201956469 2.7326041152647647 
6.086781384113534 2.749029199964969 
6.176911423505127 2.768131175276027 
6.265901333132849 2.7900969525865835 
6.353690125998302 2.815113443285284 
6.440216815103085 2.8433675587607734 
6.525420413448803 2.875046210401697 
6.609239934037057 2.9103363095967003 
6.691614389869448 2.949424767734429 
6.772482793947579 2.9924984962035284 
6.85178415927305 3.0397444063926424 
6.929457498847464 3.0913494096904177 
7.0054418256724205 3.147500417485499 
7.079676152749523 3.2083843411665316 
7.152099493080373 3.27418809212216 
7.222650859666571 3.3450985817410306 
7.29126926550972 3.421302721411789 
7.357893723611422 3.5029874225230793 
7.422463246973276 3.590339596463547 
7.484916848596886 3.6835461546218373 
7.545193541483854 3.7827940083865967 
7.60323233863578 3.8882700691464693 
