3.740007422120334 2.9476153230133324 
3.6730529012139486 3.040850979161142 
3.608503524726703 3.1346650298374907 
3.5463394041380636 3.229016677793865 
3.486540650927498 3.3238651257817575 
3.42908737657447 3.4191695765526564 
3.3739596925584445 3.5148892328580486 
3.3211377103588906 3.610983297449426 
3.2706015414552723 3.7074109730782765 
3.2223312973270555 3.8041314624960894 
3.1763070894537058 3.901103968454354 
3.1325090293146878 3.998287693704558 
3.09091722838947 4.0956418409981925 
3.051511798157516 4.193125613086746 
3.0142728500982927 4.290698212721706 
2.9791804956912658 4.388318842654565 
2.9462148464159017 4.4859467056368105 
2.915356013751665 4.583541004419929 
2.886584109178022 4.6810609417554145 
2.8598792441744374 4.778465720394751 
2.8352215302203794 4.875714543089431 
2.812591078795312 4.972766612590944 
2.7919680013787005 5.069581131650776 
2.7733324094500125 5.166117303020419 
2.7566644144887134 5.262334329451362 
2.7419441279742687 5.358191413695093 
2.729151661386144 5.453647758503103 
2.7182671262038047 5.548662566626875 
2.709270633906717 5.643195040817907 
2.7021422959743475 5.737204383827682 
2.6968622238861606 5.8306497984076895 
2.6934105291216226 5.923490487309422 
2.691767323160201 6.015685653284367 
2.691912717481359 6.107194499084012 
2.6938268235645637 6.197976227459849 
2.697489752889281 6.287990041163365 
2.702881616934976 6.377195142946048 
2.7099825271811153 6.465550735559391 
2.718772595107164 6.55301602175488 
2.729231932192589 6.639550204284006 
2.7413406499168547 6.725112485898256 
2.755078859759428 6.8096620693491206 
2.7704266731997738 6.89315815738809 
2.7873642017173585 6.97555995276665 
2.805871556791648 7.056826658236292 
2.8259288499021076 7.136917476548505 
2.8475161925282033 7.215791610454777 
2.8706136961494018 7.293408262706601 
2.895201472245168 7.36972663605546 
2.921259632294967 7.444705933252848 
2.9487682877782664 7.518305357050253 
2.97770755017453 7.590484110199162 
3.0080575309632254 7.661201395451067 
3.039798341623817 7.730416415557454 
3.0729100936357714 7.798088373269815 
3.107372898478555 7.864176471339639 
3.143166867631632 7.928639912518413 
3.180272112574469 7.991437899557627 
3.218668744786532 8.052529635208773 
3.258336875747287 8.111874322223334 
3.2992566169361988 8.169431163352805 
3.3414080798327346 8.225159361348672 
3.384771375916359 8.279018118962423 
3.429326616666539 8.330966638945553 
3.475053913562739 8.380964124049544 
3.5219333780844257 8.428969777025891 
3.569945121711064 8.474942800626078 
3.619069255922122 8.518842397601597 
3.669285892197063 8.560627770703938 
3.720575142015353 8.600258122684588 
3.77291711685646 8.637692656295036 
3.826291928199847 8.672890574286773 
3.8806796875249807 8.705811079411287 
3.9360605063113288 8.736413374420069 
3.992414496038355 8.764656662064604 
4.049721768185526 8.790500145096384 
4.107962434232308 8.813903026266898 
4.1671166056581646 8.834824508327635 
4.227164393942564 8.853223794030084 
4.288085910564971 8.869060086125733 
4.349861267004851 8.882292587366074 
4.41247057474167 8.892880500502594 
4.475893945254895 8.900783028286781 
4.540111490023992 8.905959373470125 
4.605103320528425 8.908368738804118 
4.670849548247659 8.907970327040246 
4.737330284661164 8.90472334093 
4.804525641248402 8.898586983224865 
4.87241572948884 8.889520456676337 
4.940980660861943 8.877482964035897 
5.010200546847178 8.86243370805504 
5.080055498924011 8.844331891485254 
5.150525628571907 8.82313671707803 
5.221591047270332 8.798807387584851 
5.293231866498752 8.771303105757212 
5.365428197736633 8.7405830743466 
5.43816015246344 8.706606496104504 
5.511407842158638 8.669332573782413 
5.5851513783016955 8.628720510131817 
5.659370872372078 8.584729507904203 
5.734046435849248 8.537318769851062 
5.809158180212673 8.486447498723885 
5.884686216941821 8.432074897274155 
5.960610657516155 8.374160168253368 
6.036911613415143 8.31266251441301 
6.113569196118249 8.247541138504571 
6.1905635171049385 8.178755243279538 
6.267874687854681 8.106264031489403 
6.3454828198469375 8.030026705885652 
6.423368024561175 7.9500024692197755 
6.501510413476864 7.866150524243265 
6.579890098073463 7.778430073707605 
6.658487189830442 7.686800320364288 
6.737281800227266 7.5912204669648045 
6.816254040743401 7.491649716260639 
6.895384022858314 7.388047271003284 
6.974651858051468 7.280372333944227 
7.05403765780233 7.168584107834958 
7.133521533590368 7.052641795426966 
7.213083596895045 6.93250459947174 
7.292703959195828 6.80813172272077 
7.3723627319721805 6.6794823679255435 
7.452040026703573 6.5465157378375505 
7.531715954869469 6.409191035208279 
7.611370627949332 6.26746746278922 
7.690984157422632 6.12130422333186 
7.770536654768831 5.970660519587693 
