1.998278562754684 2.180319395805786 
2.069413565109827 2.185704172126786 
2.142436336355046 2.1889836923807815 
2.217274289653963 2.1902982756763256 
2.2938548381702004 2.189788241121972 
2.3721053950673805 2.1875939078262734 
2.451953373509126 2.1838555948977842 
2.533326186659057 2.1787136214450546 
2.616151247680798 2.172308306576642 
2.700355969737971 2.164779969401098 
2.7858677659941975 2.156268929026975 
2.8726140496130994 2.146915504562828 
2.9605222337583004 2.136860015117209 
3.049519731593421 2.1262427797986714 
3.1395339562820843 2.1152041177157686 
3.230492320987912 2.103884347977054 
3.322322238874527 2.0924237896910816 
3.4149511231055514 2.0809627619664037 
3.508306386844607 2.069641583911574 
3.602315443255317 2.0586005746351463 
3.696905705501303 2.047980053245673 
3.7920045867461853 2.0379203388517078 
3.887539500153589 2.0285617505618037 
3.9834378588871346 2.0200446074845146 
4.079627076110445 2.0125092287283937 
4.176034564987144 2.0060959334019937 
4.27258773868085 2.0009450406138685 
4.369214010355188 1.9971968694725708 
4.465840793173779 1.9949917390866543 
4.562395500300248 1.9944699685646725 
4.658805544898212 1.995771877015178 
4.754998340131299 1.999037783546725 
4.850901299163127 2.004408007267866 
4.9464418351573185 2.012022867287155 
5.041547361277498 2.022022682713145 
5.136145290687287 2.0345477726543892 
5.230163036550307 2.0497384562194405 
5.323528012030181 2.067735052516854 
5.41616763029053 2.0886778806551805 
5.508009304494976 2.1127072597429746 
5.598980447807143 2.139963508888789 
5.689008473390653 2.170586947201178 
5.778020794409128 2.204717893788695 
5.865944824026188 2.242496667759892 
5.952707975405459 2.2840635882233227 
6.03823766171056 2.329558974287541 
6.122461296105114 2.3791231450610995 
6.205306291752745 2.432896419652552 
6.286700061817072 2.4910191171704517 
6.3665700194617205 2.553631556723352 
6.44484357785031 2.620874057419806 
6.521448150146467 2.6928869383683667 
6.5963111495138085 2.7698105186775885 
6.669359989115959 2.851785117456023 
6.740522082116541 2.938951053812225 
6.809724841679176 3.0314486468547472 
6.876895680967488 3.129418215692143 
6.941962013145095 3.2330000794329647 
7.004851251375624 3.3423345571857674 
7.065490808822695 3.4575619680591045 
7.12380809864993 3.578822631161527 
