1.0680079955017023 1.1688497199675598 
1.107974028190979 1.2453939540101397 
1.1508698851267363 1.3190463296003023 
1.1966252324161453 1.3898712303080838 
1.2451697361663776 1.4579330397035222 
1.2964330624846025 1.5232961413566533 
1.3503448774779918 1.5860249188375146 
1.4068348472537158 1.6461837557161432 
1.4658326379189448 1.703837035562575 
1.5272679155808508 1.7590491419468481 
1.5910703463466034 1.8118844584389995 
1.6571695963233743 1.8624073686090659 
1.7254953316183335 1.9106822560270835 
1.7959772183386515 1.95677350426309 
1.8685449225915 2.0007454968871223 
1.9431281104840494 2.0426626174692175 
2.0196564481234702 2.0825892495794127 
2.098059601616933 2.1205897767877433 
2.1782672370716085 2.156728582664248 
2.2602090205946683 2.1910700507789636 
2.3438146182932833 2.223678564701926 
2.4290136962746223 2.2546185080031735 
2.515735920645859 2.283954264252742 
2.603910957514161 2.3117502170206685 
2.6934684729867007 2.3380707498769904 
2.7843381331706487 2.362980246391745 
2.876449604173176 2.3865430901349685 
2.969732552101452 2.408823664676697 
3.0641166430626505 2.4298863535869697 
3.159531543163939 2.4497955404358227 
3.2559069185124896 2.468615608793292 
3.3531724352154733 2.4864109422294156 
3.45125775938006 2.503245924314229 
3.550092557113421 2.519184938617771 
3.649606494522727 2.534292368710077 
3.7497292377151483 2.5486325981611855 
3.8503904527978574 2.5622700105411327 
3.9515198058780223 2.575268989419955 
4.053046963062816 2.5876939183676897 
4.154901590459409 2.5996091809543747 
4.257013354174971 2.6110791607500463 
4.359311920316674 2.6221682413247414 
4.461726954991686 2.6329408062484956 
4.56418812430718 2.643461239091348 
4.666625094370328 2.6537939234233336 
4.768967531288298 2.6640032428144913 
4.8711451011682625 2.6741535808348567 
4.973087470117392 2.6843093210544673 
5.074724304242857 2.694534847043361 
5.175985269651829 2.704894542371573 
5.276800032451476 2.715452790609141 
5.377098258748973 2.7262739753261016 
5.476809614651486 2.7374224800924924 
5.575863766266189 2.7489626884783496 
5.674190379700253 2.760958984053711 
5.771719121060846 2.773475750388613 
5.868379656455142 2.7865773710530917 
5.96410165199031 2.800328229617186 
6.05881477377352 2.814792709650932 
6.152448687911945 2.8300351947243665 
6.244933060512754 2.8461200684075263 
6.336197557683117 2.863111714270448 
6.426171845530208 2.88107451588317 
6.514785590161194 2.900072856815728 
6.601968457683249 2.9201711206381593 
6.6876501142035405 2.9414336909205003 
6.771760225829242 2.963924951232789 
6.854228458667524 2.987709285145062 
6.934984478825555 3.0128510762273555 
7.013957952410508 3.039414708049707 
7.091078545529552 3.0674645641821536 
7.166275924289859 3.097065028194732 
7.239479754798601 3.1282804836574805 
7.310619703162945 3.1611753141404337 
7.379625435490065 3.1958139032136295 
7.446426617887131 3.232260634447105 
7.510952916461313 3.270579891410898 
7.573133997319781 3.3108360576750444 
7.63289952656971 3.3530935168095812 
7.690179170318265 3.3974166523845457 
7.74490259467262 3.4438698479699745 
7.796999465739944 3.4925174871359044 
7.8463994496274125 3.5434239534523737 
7.893032212442188 3.596653630489417 
7.936827420291448 3.652270901817073 
7.977714739282362 3.710340151005379 
8.0156238355221 3.77092576162437 
8.050484375117833 3.8340921172440865 
8.082226024176732 3.899903601434561 
8.110778448805965 3.968424597765833 
8.136071315112705 4.039719489807939 
8.158034289204124 4.113852661130915 
8.17659703718739 4.190888495304801 
8.191689225169677 4.27089137589963 
8.203240519258152 4.353925686485441 
8.211180585559989 4.440055810632272 
8.215439090182358 4.52934613191016 
8.215945699232424 4.621861033889137 
8.21263007881737 4.717664900139244 
8.205421895044356 4.816822114230519 
8.194250814020556 4.919397059732998 
8.179046501853142 5.025454120216717 
8.159738624649284 5.135057679251713 
8.136256848516155 5.248272120408024 
8.10853083956092 5.365161827255686 
8.076490263890753 5.485791183364735 
8.040064787612826 5.610224572305211 
7.999184076834309 5.738526377647149 
7.953777797662372 5.870760982960584 
7.903775616204187 6.006992771815558 
7.849107198566924 6.147286127782103 
7.789702210857751 6.29170543443026 
7.725490319183844 6.440315075330062 
7.65640118965237 6.593179434051548 
7.5823644883705015 6.750362894164755 
7.503309881445407 6.911929839239719 
7.41916703498426 7.0779446528464804 
7.3298656150942305 7.248471718555071 
7.2353352878824895 7.423575419935531 
7.135505719456208 7.603320140557897 
