1.1180381407491518 1.1849629812753553 
1.1929799886775994 1.2211143912578524 
1.2656144638249383 1.2601030298174145 
1.3359874602482118 1.301866357842637 
1.4041448720044616 1.3463418362221151 
1.4701325931507316 1.393466925844445 
1.533996517744063 1.4431790875982218 
1.5957825398414995 1.4954157823720406 
1.6555365535000823 1.5501144710544972 
1.7133044527768555 1.6072126145341876 
1.7691321317288602 1.666647673699706 
1.82306548441314 1.7283571094396493 
1.875150404886737 1.792278382642612 
1.9254327872066939 1.85834895419719 
1.9739585254300525 1.926506284991978 
2.0207735136138565 1.9966878359155729 
2.0659236458151478 2.0688310678565696 
2.109454816090969 2.1428734417035624 
2.1514129184983624 2.218752418345148 
2.191843847094372 2.2964054586699225 
2.2307934959360383 2.375770023566479 
2.268307759080405 2.456783573923416 
2.304432530584514 2.5393835706293264 
2.3392137045054087 2.6235074745728073 
2.3726971749001304 2.709092746642453 
2.4049288358257233 2.7960768477268605 
2.4359545813392285 2.884397238714623 
2.46582030549769 2.973991380494338 
2.4945719023581487 3.0647967339546 
2.5222552659776487 3.1567507599840052 
2.5489162904132305 3.2497909194711476 
2.574600869721939 3.3438546733046257 
2.599354897960815 3.4388794823730304 
2.623224269186902 3.534802807564961 
2.6462548774572427 3.6315621097690123 
2.6684926168288787 3.729094849873779 
2.6899833813588527 3.8273384887678548 
2.710773065104208 3.9262304873398395 
2.7309075621219874 4.025708306478325 
2.7504327664692316 4.125709407071908 
2.7693945722029842 4.226171250009184 
2.7878388733802892 4.327031296178749 
2.8058115640581875 4.428227006469198 
2.823358538293721 4.529695841769126 
2.840525690143933 4.631375262967127 
2.857358913665868 4.733202730951802 
2.873904102916566 4.835115706611741 
2.8902071519530694 4.93705165083554 
2.9063139548324224 5.038948024511796 
2.9222704056116675 5.140742288529106 
2.938122398347846 5.242371903776064 
2.953915827098 5.343774331141262 
2.9696965859191744 5.4448870315133 
2.9855105688684107 5.545647465780773 
3.001403670002751 5.645993094832276 
3.0174217833792367 5.745861379556401 
3.0336108030549123 5.845189780841748 
3.05001662308682 5.943915759576914 
3.0666851375320023 6.041976776650489 
3.083662240447501 6.13931029295107 
3.1009938258903587 6.235853769367253 
3.1187257879176196 6.331544666787635 
3.136904020586325 6.426320446100811 
3.155574417953516 6.520118568195374 
3.1747828740762376 6.612876493959924 
3.194575283011532 6.704531684283052 
3.21499753881644 6.795021600053355 
3.2360955355480057 6.88428370215943 
3.257915167263271 6.972255451489868 
3.2805023280192787 7.058874308933273 
3.303902911873071 7.144077735378231 
3.3281628128816916 7.227803191713343 
3.3533279251021817 7.309988138827202 
3.379444142591585 7.3905700376084065 
3.4065573594069427 7.469486348945548 
3.434713469605298 7.546674533727225 
3.463958367243694 7.6220720528420305 
3.494337946379172 7.695616367178563 
3.5258981010687753 7.767244937625416 
3.558684725369547 7.836895225071187 
3.592743713338529 7.904504690404467 
3.6281209590327634 7.970010794513857 
3.6648623565092935 8.033350998287947 
3.703013799825162 8.094462762615338 
3.7426211830374103 8.15328354838462 
3.7837304002030825 8.209750816484394 
3.8263873453792194 8.263802027803251 
3.8706379126228656 8.315374643229788 
3.9165279959910615 8.364406123652602 
3.964103489540851 8.410833929960285 
4.013410287329276 8.454595523041437 
4.06449428341338 8.49562836378465 
4.117401371850205 8.533869913078519 
4.172177446696793 8.569257631811645 
4.228868402010187 8.601728980872615 
4.2875201318474305 8.63122142115003 
4.348178530265564 8.657672413532485 
4.410889491321631 8.681019418908576 
4.475698909072674 8.701199898166895 
4.542652677575737 8.718151312196042 
4.611796690887861 8.731811121884608 
4.6831768430660885 8.742116788121194 
4.756839028167462 8.74900577179439 
4.832829140249025 8.752415533792796 
4.911193073367818 8.752283535005002 
4.991976721580889 8.74854723631961 
5.075225978945273 8.74114409862521 
5.160986739518017 8.730011582810398 
5.2493048973561605 8.715087149763773 
5.3402263465167525 8.696308260373929 
5.433796981056828 8.67361237552946 
5.5300626950334335 8.646936956118964 
5.62906938250361 8.616219463031033 
5.730862937524404 8.581397357154266 
5.835489254152851 8.542408099377255 
5.942994226446 8.499189150588599 
6.053423748460889 8.451677971676894 
6.1668237142545665 8.39981202353073 
6.283240017884067 8.343528767038705 
6.40271855340644 8.282765663089418 
6.525305214878722 8.217460172571462 
6.651045896357961 8.14754975637343 
6.779986491901196 8.07297187538392 
6.912172895565474 7.9936639904915285 
7.0476510014078295 7.90956356258485 
7.186466703485314 7.820608052552478 
7.328665895854964 7.72673492128301 
7.474294472573825 7.6278816296650405 
7.623398327698938 7.523985638587169 
7.7760233552873474 7.414984408937984 
