3.5180294335691458 2.8161356293577735 
3.4401773292125797 2.937884802438051 
3.3666850945974214 3.058865377314337 
3.2974910964104622 3.1790577989269884 
3.2325337013384936 3.2984425122163654 
3.171751276068306 3.416999962122824 
3.1150821872866907 3.5347105935867247 
3.0624648016804383 3.651554851548423 
3.0138374859363406 3.767513180948278 
2.969138606741187 3.8825660267266477 
2.9283065307817693 3.996693833823891 
2.8912796247448806 4.109877047180366 
2.857996255317309 4.222096111736429 
2.828394789185847 4.333331472432442 
2.8024135930372855 4.443563574208757 
2.7799910335584146 4.552772862005737 
2.7610654774360266 4.660939780763739 
2.7455752913569125 4.768044775423123 
2.7334588420078605 4.874068290924241 
2.724654496075665 4.978990772207456 
2.719100620247117 5.082792664213126 
2.716735581209005 5.185454411881608 
2.7174977456481217 5.286956460153261 
2.7213254802512585 5.387279253968442 
2.728157151705204 5.486403238267508 
2.7379311266967523 5.584308857990821 
2.750585771912693 5.680976558078736 
2.7660594540398167 5.7763867834716125 
2.7842905397649145 5.870519979109805 
2.8052173957747786 5.963356589933677 
2.828778388756199 6.054877060883585 
2.854911885395967 6.145061836899885 
2.8835562523808727 6.233891362922935 
2.914649856397708 6.321346083893094 
2.948131064133265 6.407406444750723 
2.9839382422743337 6.492052890436179 
3.0220097575077034 6.575265865889816 
3.0622839765201677 6.657025816051996 
3.104699265998516 6.7373131858630755 
3.1491939926295407 6.816108420263414 
3.1957065231000317 6.893391964193369 
3.2441752240967796 6.9691442625932964 
3.2945384623065763 7.043345760403556 
3.346734604416213 7.115976902564508 
3.4007020171124815 7.187018134016509 
3.4563790670821706 7.256449899699915 
3.513704121012072 7.324252644555088 
3.5726155455889774 7.390406813522381 
3.6330517074996784 7.454892851542157 
3.6949509734309647 7.517691203554771 
3.7582517100696275 7.578782314500583 
3.8228922841024575 7.638146629319949 
3.8888110622162473 7.69576459295323 
3.955946411097787 7.751616650340783 
4.024236697433867 7.805683246422967 
4.093620287911278 7.857944826140135 
4.1640355492168135 7.9083818344326495 
4.235420848037261 7.95697471624087 
4.307714551059416 8.003703916505152 
4.380855024970065 8.048549880165853 
4.454780636456 8.091493052163333 
4.529429752204015 8.13251387743795 
4.604740738900898 8.171592800930062 
4.680651963233441 8.208710267580026 
4.757101791888434 8.243846722328199 
4.834028591552671 8.276982610114942 
4.91137072891294 8.308098375880613 
4.989066570656032 8.337174464565567 
5.06705448346874 8.364191321110166 
5.145272834037854 8.389129390454766 
5.223659989050165 8.411969117539723 
5.302154315192465 8.4326909473054 
5.380694179151542 8.451275324692151 
5.45921794761419 8.467702694640337 
5.5376639872672 8.481953502090315 
5.615970664797361 8.494008191982442 
5.694076346891467 8.503847209257078 
5.771919400236304 8.511450998854578 
5.849438191518669 8.516800005715304 
5.926571087425348 8.51987467477961 
6.003256454643136 8.520655450987858 
6.079432659858821 8.519122779280405 
6.155038069759195 8.515257104597609 
6.230011051031051 8.509038871879827 
6.304289970361175 8.500448526067418 
6.3778131944363645 8.489466512100739 
6.4505190899434055 8.47607327492015 
6.522346023569092 8.460249259466007 
6.593232362000213 8.441974910678669 
6.66311647192356 8.421230673498496 
6.731936720025924 8.397996992865844 
6.799631472994097 8.37225431372107 
6.8661390975148695 8.343983081004534 
6.9313979602750315 8.313163739656595 
6.995346427961376 8.27977673461761 
7.057922867260691 8.243802510827937 
7.119065644859772 8.205221513227933 
7.178713127445407 8.164014186757957 
7.236803681704386 8.120160976358369 
7.293275674323502 8.073642326969523 
7.348067471989546 8.02443868353178 
7.401117441389308 7.972530490985498 
7.452363949209579 7.917898194271037 
7.501745362137152 7.86052223832875 
7.5492000468588145 7.8003830680989985 
7.594666370061361 7.73746112852214 
7.638082698431582 7.671736864538532 
7.679387398656265 7.603190721088535 
7.718518837422204 7.531803143112503 
7.75541538141619 7.457554575550799 
7.790015397325014 7.3804254633437765 
7.822257251835468 7.300396251431797 
7.852079311634339 7.217447384755216 
7.879419943408422 7.131559308254394 
7.904217513844506 7.042712466869687 
7.926410389629383 6.950887305541454 
7.945936937449844 6.856064269210053 
7.962735523992679 6.758223802815842 
7.976744515944679 6.65734635129918 
7.987902279992637 6.553412359600426 
7.996147182823343 6.446402272659934 
8.001417591123587 6.336296535418067 
8.00365187158016 6.223075592815178 
8.002788390879855 6.106719889791631 
7.998765515709462 5.987209871287779 
7.991521612755772 5.864525982243983 
7.980995048705573 5.738648667600599 
